%qu1:
a=[-7 5 9;2 -1 2;1 -1 2];
b=[16 3 2 13;5 10 11 8;9 6 7 12;4 15 14 1];
c=[4 2 -3;7 -7 9;3 -5 6];
d=[6 3 2;2 12 -7;-1 6 2;-5 15 11];
m=(3*a)-(5*c);
%z=7*a+2*b; error
n=(c*a);
s=(c*d');

%qu2:try to find any easy way to build a7*8
r=zero(7,8);
e=[0 0 0 0 0 0 0 5;0 0 0 0 0 0 0 5;0 0 0 0 0 0 0 5;0 0 0 0 0 0 0 5;0 0 0 0 0 0 0 5;0 0 0 0 0 0 0 5;0 0 0 0 0 0 0 5];
k=r+e;

